3293843803	3.86211
3293843804	6.48441
3293843805	6.01013
3293843806	5.56174
3293843807	6.2398
3293843808	4.29637
3293843809	6.41389
3293843810	5.0407
3293843811	5.38608
3293843812	5.45366
3293843813	4.71464
3293843814	5.20502
3293843815	4.35164
3293843816	-1.18939270291531
3293843817	-0.447718655856577
3293843818	-1.73229770182836
3293843819	1.69195156753819
3293843820	-0.21900968981029
3293843821	0.45315981955576
3293843822	1.2438485333335
3293843823	1.27746265696302
3293843824	-0.997986419499687
3293843825	-0.589629369616491
3293843826	0.842865762867144
3293843827	-1.03454325325889
3293843828	-0.637285834160395
3293843829	-0.104336407728142
3293843830	0.513640957947252
3293843831	1.17454239998588
3293843832	0.243074756730275
3293843833	0.200938224963152
3293843834	1.5338824618294
3293843835	0.516139681885098
3293843836	-0.123470444762842
3293843837	-0.580564587271644
3293843838	0.661079529377045
3293843839	0.583583439829358
3293843840	-0.743959956254954
3293843841	-0.438709456928735
3293843842	-1.25611010125374
3293843843	-0.411621179766389
3293843844	-0.26566476152735
3293843845	0.771475461670437
3293843846	1.12009597625595
3293843847	-1.02576868487156
3293843848	0.0728150986241095
3293843849	-0.422860403678243
3293843850	1.20300331757327
3293843851	-0.859637271076972
3293843852	1.27560058355874
3293843853	-0.802762719865302
3293843854	1.06470139402415
3293843855	1.50156264880823
3293843856	-0.432230466990632
3293843857	0.492887084149684
3293843858	1.83580584919564
3293843859	1.00717639983127
3293843860	2.26152819034528
3293843861	-0.50257653543557
3293843862	1.49869807370156
3293843863	0.919797866637158
3293843864	-0.378899590517467
3293843865	1.28184061757815
3293843866	-0.392859232022763
3293843867	1.49249665096025
3293843868	0.420305296380452
3293843869	-1.98701974754062
3293843870	-0.545655069820599
3293843871	-0.692609943576835
3293843872	-2.00264225507445
3293843873	1.50967803282677
3293843874	-1.02237305167947
3293843875	1.44755661597548
3293843876	0.326303355827436
3293843877	0.0613361080381238
3293843878	-0.395983317009665
3293843879	1.64040712851633
3293843880	0.124700109367059
3293843881	-1.68846161278076
3293843882	0.431097563075889
3293843883	-1.59876140215354
3293843884	1.92148112095686
3293843885	1.60261112987478
3293843886	-1.00852204648361
3293843887	0.491344316877005
3293843888	0.460486040847756
3293843889	-0.861006201011802
3293843890	0.867811692716053
3293843891	0.255290367251724
3293843892	1.23130231678167
3293843893	-1.21224385625655
3293843894	-0.573809655345891
3293843895	-1.27867182577413
3293843896	-1.44236217628338
3293843897	-0.992425835929849
3293843898	-0.777165422361702
3293843899	-0.57620187915115
3293843900	0.982610554349079
3293843901	1.5932149680419
3293843902	-0.849644806952412
3293843903	0.157291695143958
3293843904	0.210996857300974
3293843905	0.110801742305018
3293843906	0.399861722969109
3293843907	-0.174991581641271
3293843908	0.988423013080052
3293843909	-0.729478154439142
3293843910	-1.33882650007032
3293843911	-0.171463146691662
3293843912	-0.152671089427146
3293843913	0.16245210704906
3293843914	0.612756576579884
3293843915	0.767548712156394
3293843916	1.37200908331194
3293843917	0.490468217511942
3293843918	1.31261029943315
3293843919	-0.389223097938776
3293843920	-0.450230130555426
3293843921	0.174404752262226
3293843922	0.70339822220729
3293843923	0.71278288138613
3293843924	1.12871126470701
3293843925	-1.11967917391365
3293843926	1.57892867434649
3293843927	1.35070607462716
3293843928	-0.665174005020612
3293843929	-0.183489740059249
3293843930	-0.0489272377916751
3293843931	0.228791827957917
3293843932	1.52338285825237
3293843933	-0.761721925683172
3293843934	1.15293272280184
3293843935	-0.620625439560009
3293843936	0.343508630641268
3293843937	-0.505295246785482
3293843938	-0.574226395261581
3293843939	0.579499029295903
3293843940	-0.535660641199692
3293843941	-0.447032462201122
3293843942	-1.16002411366124
3293843943	-1.30528580679276
3293843944	-1.32204234147748
3293843945	-1.30799488548125
3293843946	0.486629899807219
3293843947	-1.16883696580229
3293843948	0.2320072810125
3293843949	1.10011249102982
3293843950	1.32955706294134
3293843951	-0.00230829060680715
3293843952	0.573479428721535
3293843953	-0.0912467626725572
3293843954	1.20056247719096
3293843955	0.408135413578906
3293843956	0.245806427255669
3293843957	-1.12927021020024
3293843958	-0.435507694645875
3293843959	-0.911154272274398
3293843960	-0.159841613124783
3293843961	-1.73758517875413
3293843962	0.92303799262718
3293843963	1.21342047901101
3293843964	0.605541922792202
3293843965	0.38934176110872
3293843966	0.0678855623439871
3293843967	2.70805547690876
3293843968	1.64902472672185
3293843969	-0.547530359793081
3293843970	0.201053769287913
3293843971	0.167307807140749
3293843972	1.0425259056821
3293843973	-0.0846840689206352
3293843974	1.13633112077218
3293843975	-0.806831885815781
3293843976	-1.81098279496047
3293843977	0.14561702647085
3293843978	-0.50965454968584
3293843979	0.224941556739433
3293843980	0.127521240307527
3293843981	1.44639061267918
3293843982	1.70209917078626
3293843983	-0.56221135900177
3293843984	0.119323002340656
3293843985	0.0155591447111314
3293843986	-0.493227795306279
3293843987	-0.140845593465499
3293843988	0.9118125513387
3293843989	0.435503535187626
3293843990	-0.829006095281571
3293843991	0.515373718516413
3293843992	-1.10407533055345
3293843993	0.567067429117965
3293843994	1.22294362896485
3293843995	0.167652165342568
3293843996	1.90403715950697
3293843997	0.842482399433637
3293843998	-1.5605239081236
3293843999	0.706216109495904
3293844000	0.604728585561036
3293844001	0.827602106731117
3293844002	0.899776217214588
3293844003	0.537025224859513
3293844004	-0.247903446208359
3293844005	0.426719599487062
3293844006	0.103326393179217
3293844007	0.970232847318218
3293844008	1.50195103108952
3293844009	0.297648605007454
3293844010	-0.874832892067763
3293844011	-0.392360784957028
3293844012	-1.43125572852612
3293844013	-0.327196215984888
3293844014	1.64014044859341
3293844015	-1.08643439014173
3293844016	-0.578134978289827
3293844017	2.88328630619288
3293844018	0.417818530188004
3293844019	0.253763780972242
3293844020	-0.724449992268287
3293844021	1.71832806798693
3293844022	-0.754881839518126
3293844023	-0.460862941714183
3293844024	0.988219192178852
3293844025	-0.0338827042889205
3293844026	0.537604032786567
3293844027	-0.0824801633686495
3293844028	0.134017920608733
3293844029	0.331629972697006
3293844030	1.03055671278282
3293844031	0.41156840452846
3293844032	-0.0858816816163808
3293844033	0.0391900915050826
3293844034	-0.0858203284315616
3293844035	1.69087816745414
3293844036	-0.677364222393427
3293844037	-1.04923267932627
3293844038	0.447465941278494
3293844039	0.480385033499898
3293844040	1.44938046869547
3293844041	-2.31231786063337
3293844042	0.8678199257548
3293844043	1.31379991668996
3293844044	-1.47580277714692
3293844045	-0.0447222279026925
3293844046	0.43549161904694
3293844047	-1.73152571849311
3293844048	0.506609011139879
3293844049	2.2009983690297
3293844050	0.91213953856968
3293844051	0.49885875164323
3293844052	-0.58309901833494
3293844053	0.259321467739185
3293844054	0.515048171823163
3293844055	-0.568177113464079
3293844056	-0.78231160472149
3293844057	0.40549853102125
3293844058	-0.554950165812424
3293844059	0.31183313216304
3293844060	-1.92621084994586
3293844061	-1.08030420783645
3293844062	-1.56633916153269
3293844063	0.0269519484614902
3293844064	1.02820544490163
3293844065	0.472278561572538
3293844066	2.17682289887219
3293844067	-0.789294117059502
3293844068	-0.657585055380826
3293844069	-1.19577160960341
3293844070	-0.184825002883281
3293844071	1.79152019200252
3293844072	0.289684824760529
3293844073	0.528581137922817
3293844074	0.359111780275706
3293844075	1.44440157131384
3293844076	-1.33259008258538
3293844077	-0.430178655238267
3293844078	1.31382657103563
3293844079	1.34293700621444
3293844080	-0.494728976356443
3293844081	0.870107369790497
3293844082	1.0522685956947
3293844083	-1.61723130262346
3293844084	0.188669382467359
3293844085	0.240708619049344
3293844086	-0.530277957996806
3293844087	0.183260914365117
3293844088	0.315516820234235
3293844089	1.40046102851274
3293844090	-1.72670858495509
3293844091	0.662878042117594
3293844092	0.535622344835666
3293844093	0.411459522947206
3293844094	0.38139900995981
3293844095	0.602507131892207
3293844096	-0.507178647996791
3293844097	-0.441536130914618
3293844098	0.980653239300281
3293844099	1.18793350113559
3293844100	-0.0581767706518555
3293844101	-1.04989288035139
3293844102	0.271732693365949
3293844103	1.77931438556874
3293844104	0.643109086962414
3293844105	-0.405527478247544
3293844106	-0.496563748304672
3293844107	0.386473553880609
3293844108	1.794965199352
3293844109	0.562673652907864
3293844110	-0.371762348042408
3293844111	1.03586242521896
3293844112	0.849177516345502
3293844113	0.355051351782373
3293844114	2.18398619342847
3293844115	-1.28612547424417
3293844116	-0.124412138457752
3293844117	0.442856431869884
3293844118	-0.0452331017305316
3293844119	1.22943632501297
3293844120	0.681210686658426
3293844121	0.978646239168211
3293844122	-0.485158302724001
3293844123	0.993524088404351
3293844124	0.0399434710616122
3293844125	0.14358244423073
3293844126	-1.09527295571091
3293844127	1.11123617236775
3293844128	0.286712530929192
3293844129	-0.045343588425159
3293844130	-1.21108191818819
3293844131	0.474964434708393
3293844132	-1.55173278148466
3293844133	-1.1330625559994
3293844134	1.15199874255062
3293844135	0.715417988547101
3293844136	-2.24933630794901
3293844137	0.427054430859486
3293844138	0.261153444098096
3293844139	0.262785337932071
3293844140	2.46317574523126
3293844141	0.50590061546529
3293844142	0.755072320557525
3293844143	1.27613376249369
3293844144	1.90331608826422
3293844145	0.744328540413993
3293844146	0.0944848912715526
3293844147	0.598173676310688
3293844148	-0.410674494621483
3293844149	-1.43499324859223
3293844150	0.107302632916203
3293844151	-0.225166773804608
3293844152	0.890762154169623
3293844153	-2.45876815068392
3293844154	0.143089845695807
3293844155	-0.259948896095544
3293844156	0.394563320499527
3293844157	-0.112860029299175
3293844158	0.551296732219693
3293844159	-3.06323428973863
3293844160	-0.669031806524854
3293844161	0.331202227836378
3293844162	-0.897810310419813
3293844163	-0.812706281773688
3293844164	0.00764250569554006
3293844165	0.536876329001566
3293844166	0.20171747179226
3293844167	-2.16428916904751
3293844168	0.663469190170586
3293844169	-2.03406110155853
3293844170	-0.908159534592563
3293844171	0.594162187593445
3293844172	1.71411322529742
3293844173	-0.850038931529916
3293844174	-0.627928934697233
3293844175	-0.484317496677691
3293844176	1.46431546487605
3293844177	1.17716763909738
3293844178	-0.435695328470279
3293844179	-0.0748626460162971
3293844180	-0.923792451880443
3293844181	1.11323454126416
3293844182	-0.893129237350742
3293844183	-0.328675553977569
3293844184	-0.151636813808964
3293844185	0.888519838401357
3293844186	0.337856055008604
3293844187	-1.07073639518884
3293844188	0.0983132196051595
3293844189	-0.287032652735211
3293844190	0.195010794258737
3293844191	-0.213305003351945
3293844192	0.267769662624382
3293844193	-0.924254920286938
3293844194	1.81813625141686
3293844195	0.417589935466684
3293844196	-0.447185643292781
3293844197	0.359372565758442
3293844198	-0.0745069704684206
3293844199	0.86167138419976
3293844200	0.122272062201556
3293844201	0.1587871327731
3293844202	0.417622552894894
3293844203	0.98760243752136
3293844204	-1.6593723156948
3293844205	-0.744700077108725
3293844206	-1.86011910900232
3293844207	-1.60592069264003
3293844208	0.235998477246198
3293844209	-0.450627290017569
3293844210	0.661560702556255
3293844211	0.0675081420080423
3293844212	-0.078197334502958
3293844213	-0.649639622601878
3293844214	0.0975878685677545
3293844215	-0.846309201686379
3293844216	0.0435713293257277
3293844217	-0.373678518953105
3293844218	0.182067578082967
3293844219	-0.0280324036751718
3293844220	-0.797426183207294
3293844221	-0.285418158467836
3293844222	0.735480605069603
3293844223	-0.210331352378153
3293844224	-0.0550216453066328
3293844225	0.148468663529202
3293844226	-1.23724343804121
3293844227	-1.11219031918408
3293844228	0.945753429666624
3293844229	2.19207075344361
3293844230	1.01916239384597
3293844231	-0.446260231820408
3293844232	-0.10130898412778
3293844233	0.188050367714829
3293844234	-0.152960139108582
3293844235	-0.993550843718513
3293844236	1.71819814444
3293844237	0.0719187613100293
3293844238	1.24863982461322
3293844239	0.0814039680999094
3293844240	0.159033717219845
3293844241	0.0246084632559526
3293844242	-0.166615872202568
3293844243	-1.65959492806374
3293844244	0.268233579241055
3293844245	0.0652046093842442
3293844246	0.863454150662296
3293844247	-0.373052775172358
3293844248	-1.88074917803226
3293844249	-0.388998083687301
3293844250	1.65618692610385
3293844251	-0.721891907265068
3293844252	0.960142002944984
3293844253	1.03203101599636
3293844254	0.605648418555321
3293844255	0.971489298157218
3293844256	1.37733663713591
3293844257	-0.975667454987297
3293844258	0.370258143233641
3293844259	0.591919263854015
3293844260	-0.94137789722278
3293844261	-0.660656815105577
3293844262	0.299307040911815
3293844263	-0.708786641352078
3293844264	0.022016062567194
3293844265	-1.67039629632493
3293844266	1.81815076231236
3293844267	-0.0350243612633732
3293844268	0.875597663729799
3293844269	0.672332090870383
3293844270	-0.378341112538156
3293844271	1.4088701733803
3293844272	0.194702481163208
3293844273	0.648568273902394
3293844274	-0.437835596077555
3293844275	0.633900502301883
3293844276	1.59830901710994
3293844277	1.32157767271871
3293844278	0.335723177168699
3293844279	0.582657891109138
3293844280	0.678782357600736
3293844281	0.0946777605500508
3293844282	0.686723376003489
3293844283	0.360336233021515
3293844284	-0.979101177926172
3293844285	0.0676915352025837
3293844286	0.180041851151178
3293844287	-1.18965051309385
3293844288	0.896426982028971
3293844289	-0.85225430470613
3293844290	-0.588773422944363
3293844291	-0.133680214060234
3293844292	-1.49811909502768
3293844293	1.28357763617784
3293844294	0.588907460932507
3293844295	-1.0594583607378
3293844296	0.550881460605379
3293844297	0.333664456416521
3293844298	-0.0863805555899253
3293844299	-0.5284389942823
3293844300	-0.157092305754129
3293844301	0.89496712484614
3293844302	-0.161480418641563
3293844303	1.3415719205904
3293844304	-1.42979785276178
3293844305	-0.00746122232589721
3293844306	1.5448553488562
3293844307	0.435463320958748
3293844308	-0.608236749327286
3293844309	0.0346970805281841
3293844310	1.55750662053044
3293844311	-0.262461867987512
3293844312	0.754270426815305
3293844313	0.0527137898197043
3293844314	-0.156008161811157
3293844315	-1.41157364957588
3293844316	-1.12501001284543
3293844317	1.03996652659735
3293844318	-0.66863583007933
3293844319	-0.392430070151579
3293844320	-0.406908998977873
3293844321	0.293691670083525
3293844322	-1.50635556436208
3293844323	0.559467688060157
3293844324	0.72690035072451
3293844325	0.604215287335097
3293844326	-2.45118774431353
3293844327	-1.13220113540848
3293844328	0.0617181464207574
3293844329	-1.17569475610926
3293844330	-0.350416748052851
3293844331	-1.67141064951933
3293844332	-1.75492963799104
3293844333	0.152802696506544
3293844334	0.128370167351937
3293844335	-1.87140299083916
3293844336	0.619502470489163
3293844337	-0.0273887912350167
3293844338	0.698028123562547
3293844339	-0.0619747461669711
3293844340	-0.754501373888247
3293844341	0.552215806225928
3293844342	0.987578424228786
3293844343	-0.677108915989278
3293844344	-0.279042191316087
3293844345	-0.946771720849792
3293844346	-0.261088504659899
3293844347	-0.30526925509274
3293844348	0.492406415624434
3293844349	-0.374036219025298
3293844350	-0.827655715733748
3293844351	1.2710859301611
3293844352	-1.19637205962453
3293844353	-0.875419795182462
3293844354	-0.919141540889918
3293844355	0.464871193749128
3293844356	-0.793611177334558
3293844357	0.165658284957539
3293844358	0.137493202302907
3293844359	-1.07405755856859
3293844360	1.37533878404104
3293844361	-0.681833021320736
3293844362	0.424040572834573
3293844363	0.639385224079161
3293844364	2.73057363593936
3293844365	0.419503753472621
3293844366	0.623573233588498
3293844367	0.576563285851148
3293844368	-0.539125680981389
3293844369	0.041344607376979
3293844370	0.456821013216441
3293844371	-1.28445730599235
3293844372	0.157734421421539
3293844373	0.318411418956322
3293844374	0.795224957029742
3293844375	0.920887797546221
3293844376	-1.25097627728013
3293844377	2.29415357203987
3293844378	-2.39549179494335
3293844379	1.58448641142566
3293844380	-0.691601153168417
3293844381	1.55517591602893
3293844382	-0.105242036439964
3293844383	1.06015730991494
3293844384	-0.444392302603349
3293844385	-0.253713065716714
3293844386	-0.445832647613811
3293844387	-1.36950594205127
3293844388	0.285862846918022
3293844389	0.429630678003452
3293844390	-1.09260120458723
3293844391	-1.49088985207017
3293844392	-0.297368539592033
3293844393	-1.83075580087221
3293844394	0.577652523369735
3293844395	1.00131126525846
3293844396	-0.199711747681301
3293844397	0.235737904712674
3293844398	-0.226899875246415
3293844399	-0.312873634303014
3293844400	1.56162321084158
3293844401	2.2097185722389
3293844402	-1.2991414847676
3293844403	0.0987900304129281
3293844404	1.00271284125523
3293844405	-1.59295716207654
3293844406	1.38155639429071
3293844407	-0.573558651518438
3293844408	0.847457766310517
3293844409	-0.146622434127426
3293844410	-0.236442604773814
3293844411	-0.453242540009815
3293844412	-0.948203025495673
3293844413	-0.0649393416458829
3293844414	-0.153660008260036
3293844415	0.512661797078907
3293844416	0.562376192194017
3293844417	2.62271372317176
3293844418	1.35699700060466
3293844419	-3.07072748655694E-4
3293844420	0.313206343926567
3293844421	0.0873562206727875
3293844422	-0.478964895064266
3293844423	-2.68058934832296
3293844424	-0.0102891639557316
3293844425	0.320200926027693
3293844426	0.971245743401896
3293844427	-1.030205278071
3293844428	0.350848983902923
3293844429	0.150653500615558
3293844430	-1.95288460663908
3293844431	1.73791315212803
3293844432	-0.862197253639094
3293844433	-1.06325677776745
3293844434	-0.281189195828701
3293844435	-0.464307763152557
3293844436	1.23925531353218
3293844437	-0.0692304585504646
3293844438	1.94160274310589
3293844439	-3.20999193549406
3293844440	-0.301171984420357
3293844441	-2.46475041370367
3293844442	1.55562495585023
3293844443	0.806017044460628
3293844444	0.770423636297347
3293844445	-0.86293563122413
3293844446	0.803348300950796
3293844447	1.5722067094755
3293844448	2.40430489549843
3293844449	-1.19517118413612
3293844450	-0.717071649298923
3293844451	1.09657069275607
3293844452	0.120466743270356
3293844453	-0.549921988144935
3293844454	1.14842035667848
3293844455	1.6164060051759
3293844456	0.872820388421444
3293844457	0.522098343624302
3293844458	-1.70080487667314
3293844459	-0.383940894382437
3293844460	0.0760587923356082
3293844461	0.448553792443082
3293844462	-0.153416456570601
3293844463	-0.778269769240626
3293844464	-0.0804594326393444
3293844465	-0.265811731976491
3293844466	-0.900901143067865
3293844467	0.294335030264125
3293844468	1.28213615826256
3293844469	1.09959883159485
3293844470	0.0404935618134241
3293844471	-0.236954046670255
3293844472	-0.0237804707373189
3293844473	-0.464640001203287
3293844474	-2.25101527599379
3293844475	-0.42421996268456
3293844476	0.444524057212182
3293844477	1.0945541747046
3293844478	-0.816776457023663
3293844479	1.60519510843122
3293844480	-0.0817006723455733
3293844481	0.729839457995931
3293844482	-0.453733774109644
3293844483	0.914900895776993
3293844484	-1.03186038598602
3293844485	0.206687048723104
3293844486	0.870356431467318
3293844487	0.723975097059669
3293844488	-1.81705872512997
3293844489	-0.205354744492645
3293844490	0.74429591283395
3293844491	1.15140482043924
3293844492	0.958988548151752
3293844493	-0.0449018013492603
3293844494	-0.93983801041063
3293844495	1.69257933558165
3293844496	-0.770372152485999
3293844497	-0.0395982179283194
3293844498	-0.658021090007715
3293844499	-0.388204098562019
3293844500	0.0654652600650098
3293844501	-0.301738940032958
3293844502	0.78661678700603
3293844503	-0.151903513397677
3293844504	-0.764205228631956
3293844505	0.443595524438469
3293844506	-0.355710029980808
3293844507	0.0476348694263217
3293844508	0.00285800995096613
3293844509	1.38106693354219
3293844510	-2.66596950970316
3293844511	-0.469908769526036
3293844512	-1.0334015309172
3293844513	0.28589124014315
3293844514	-0.446565165379453
3293844515	1.7236809237627
3293844516	-0.491137343350781
3293844517	0.096344285173165
3293844518	0.904846182555687
3293844519	-2.35471757968301
3293844520	-0.117533127010931
3293844521	1.16109178737249
3293844522	0.228388417303472
3293844523	0.164928111823785
3293844524	0.0189125436593893
3293844525	0.975834599874461
3293844526	-1.70235189517058
3293844527	-0.0944404053956049
3293844528	0.115883986249831
3293844529	-0.529953973870552
3293844530	0.337942288679589
3293844531	-0.814783024767123
3293844532	-0.755080027123256
3293844533	-0.0145028352002001
3293844534	1.53918706607245
3293844535	0.954691562615948
3293844536	-0.454264129642951
3293844537	-0.0800640525859301
3293844538	1.53845412020343
3293844539	2.13846260292116
3293844540	0.315354238632407
3293844541	-0.137678133589113
3293844542	-1.01173522737533
3293844543	2.12016276250931
3293844544	-1.63118229909878
3293844545	0.216478454401738
3293844546	-0.477349509468481
3293844547	-0.2992073898806
3293844548	-0.796334002583234
3293844549	0.746814878978834
3293844550	-0.0298940026888123
3293844551	0.784873323485618
3293844552	-0.257732637367104
3293844553	0.870411324800366
3293844554	0.726045412253622
3293844555	-0.44053252118249
3293844556	2.76868240702676
3293844557	0.146946165209237
3293844558	-0.0295548575891907
3293844559	-1.25489939510185
3293844560	-0.393751806212976
3293844561	-1.76870445158382
3293844562	0.376148836908992
3293844563	-0.90892753011767
3293844564	0.78659750281115
3293844565	1.60060910611377
3293844566	-0.0415995465751182
3293844567	-1.17141771858707
3293844568	-0.502935210283954
3293844569	0.819004056764064
3293844570	-1.17619500319603
3293844571	-1.39418154536394
3293844572	-0.68596531908976
3293844573	-1.14995987797489
3293844574	0.18141508529411
3293844575	-0.507608151177631
3293844576	0.0372920456148108
3293844577	-0.230813395894983
3293844578	-0.543973346672942
3293844579	0.45795407354712
3293844580	-0.359244076638981
3293844581	-2.3797485066864
3293844582	-1.25195065645894
3293844583	-0.604546324366736
3293844584	-2.32254809781524
3293844585	-0.590389391799013
3293844586	-0.542800507197989
3293844587	-0.274866576994787
3293844588	-0.208264841561517
3293844589	-0.0251259693893669
3293844590	-0.702677831326002
3293844591	1.22449057679673
3293844592	-2.05474157416532
3293844593	-0.877708609722774
3293844594	-0.646771412525305
3293844595	-1.76161271627744
3293844596	0.701615091300398
3293844597	-1.27697602243864
3293844598	0.0667859485788417
3293844599	-1.26377036777442
3293844600	-0.342516509001322
3293844601	1.78874640222559
3293844602	-0.0155789723846137
3293844603	-1.79551006551203
3293844604	1.2762517167852
3293844605	0.434473389878893
3293844606	-0.269463339407541
3293844607	1.49214732518075
3293844608	-0.540123768502484
3293844609	-0.928511537722196
3293844610	-0.646707791003881
3293844611	-1.36407396926875
3293844612	1.21729421551457
3293844613	-0.399539482154286
3293844614	-1.7433533609593
3293844615	0.956034129117055
3293844616	-2.16926889135477
3293844617	0.921697800548792
3293844618	-0.358068248922802
3293844619	-0.560004048033247
3293844620	0.185667986756433
3293844621	0.5055177839007
3293844622	-0.986335456427806
3293844623	-0.871575569549582
3293844624	-2.30886671477589
3293844625	1.39739413671595
3293844626	0.264703010431705
3293844627	0.340022559357843
3293844628	0.772687806889322
3293844629	0.450707480404341
3293844630	0.0722772850991451
3293844631	-0.886426653794131
3293844632	-0.20422246996021
3293844633	-0.0824258445965882
3293844634	0.291104407369369
3293844635	-1.35069609578738
3293844636	2.42920796060042
3293844637	0.539307788100903
3293844638	-0.26799925464066
3293844639	0.618936025501551
3293844640	-1.0538706083392
3293844641	0.648363854978181
3293844642	-0.883641890951476
3293844643	-0.637085209844445
3293844644	-0.144093600528232
3293844645	1.6689334486314
3293844646	0.0659473196660139
3293844647	0.522166125720037
3293844648	0.207350513538439
3293844649	-1.83844114142033
3293844650	-0.460677463005118
3293844651	-0.660786595257869
3293844652	0.421147553712688
3293844653	-0.0770361208128393
3293844654	0.427762381787253
3293844655	0.56726449769385
3293844656	1.21879211762193
3293844657	-0.119156980522177
3293844658	-0.855880551822047
3293844659	0.881848487488253
3293844660	-1.3892780236916
3293844661	0.0677623801500523
3293844662	-1.66032549660483
3293844663	-1.06065861951481
3293844664	0.115734633173322
3293844665	-0.604452169674318
3293844666	-0.710819831688714
3293844667	-1.40945093491865
3293844668	1.31222792508516
3293844669	0.0208366787448767
3293844670	0.344775738095928
3293844671	0.219630824339735
3293844672	2.37743847559601
3293844673	-0.00493384790822493
3293844674	0.135937010759915
3293844675	0.950886051821278
3293844676	-0.303991124533802
3293844677	-0.146568939014978
3293844678	2.84599086973301
3293844679	1.33820170986835
3293844680	0.553107196653534
3293844681	0.511856024164957
3293844682	0.323507294966061
3293844683	0.173219421822436
3293844684	-1.44893317000376
3293844685	0.356983964016758
3293844686	-0.137038564331346
3293844687	-0.0712672773047339
3293844688	-0.216022185383986
3293844689	0.941290701800394
3293844690	0.764100219630472
3293844691	0.238824564212418
3293844692	-0.57334053707119
3293844693	-0.532656286543676
3293844694	-0.154801897057164
3293844695	0.229082856182403
3293844696	1.10585847095463
3293844697	0.146729226401863
3293844698	0.141563753653819
3293844699	-0.130817996454384
3293844700	0.18927260439042
3293844701	0.980383974296344
3293844702	-1.64771510748817
3293844703	-0.29487416197225
3293844704	2.67661189341777
3293844705	0.0190478189396497
3293844706	1.78865539785537
3293844707	-2.13984358376155
3293844708	0.251353695088407
3293844709	1.38516114603134
3293844710	-0.662973729231536
3293844711	-0.336411888011872
3293844712	0.766873863974008
3293844713	0.774924835496607
3293844714	0.28488725771925
3293844715	0.0652912496262467
3293844716	-0.468720386468786
3293844717	0.307203013691886
3293844718	-0.063541513360394
3293844719	0.404785570303644
3293844720	-0.997447721546007
3293844721	1.81807734043649
3293844722	0.747483895546928
3293844723	-0.970753298151517
3293844724	0.944416143440928
3293844725	2.12459174263384
3293844726	0.470721076866111
3293844727	-1.14564320158269
3293844728	-0.707139939774745
3293844729	0.449161650785731
3293844730	-0.950767553243878
3293844731	-0.0676093601627899
3293844732	-0.925973234176168
3293844733	-0.228181168174442
3293844734	-0.26501229513403
3293844735	1.00433692994952
3293844736	0.271593985848769
3293844737	-1.44415473164667
3293844738	-0.27869854881043
3293844739	1.11966250051779
3293844740	-0.321901431529524
3293844741	0.881603559874819
3293844742	-1.40536158777296
3293844743	-0.0219473752921302
3293844744	-0.783401777842855
3293844745	-0.689458062108583
3293844746	0.578498911596432
3293844747	-0.754506636099913
3293844748	-0.175350641453864
3293844749	-0.289730874328972
3293844750	-0.809629016562246
3293844751	-0.89946321440268
3293844752	0.67329825949566
3293844753	0.120132427025562
3293844754	-1.56581348725917
3293844755	-0.104350299900161
3293844756	1.96024644911347
3293844757	0.343746188006806
3293844758	0.671112090393678
3293844759	1.19618014248122
3293844760	0.656953683537602
3293844761	0.216457293044891
3293844762	0.111436561024852
3293844763	0.364369530361055
3293844764	0.720639073664546
3293844765	1.5529819455882
3293844766	-0.350359003721667
3293844767	0.121818207747478
3293844768	0.280376268319551
3293844769	0.537794454123906
3293844770	0.832114734538088
3293844771	0.138918210576621
3293844772	0.182120728592073
3293844773	-0.25789564277541
3293844774	-0.208784484522418
3293844775	-0.228148205683161
3293844776	-0.861924085633132
3293844777	-1.9877472822248
3293844778	-1.38514569982662
3293844779	-1.16540246197826
3293844780	1.04651480738815
3293844781	-0.677781270897975
3293844782	0.115110040834137
3293844783	0.732948573477497
3293844784	-0.917983074259789
3293844785	0.0294128764009598
3293844786	-0.610853227579808
3293844787	-0.866905359984138
3293844788	1.10473868408109
3293844789	-1.21470003001723
3293844790	-0.350157947990671
3293844791	-1.39612000849393
3293844792	0.246857741788754
3293844793	-0.550236133114668
3293844794	-1.76661804953573
3293844795	-1.13396954019065
3293844796	0.361260344367005
3293844797	-0.57460740699845
3293844798	-0.284092702195054
3293844799	1.9679236762699
3293844800	-0.95531529688858
3293844801	-1.10113705874132
3293844802	0.0427441936960176
3293844803	1.71871775343962
3293844804	-0.0284501445671784
3293844805	-1.75409423702238
3293844806	-1.12765524038971
3293844807	-0.823030355288172
3293844808	-1.61340912792237
3293844809	-0.790839969587409
3293844810	-1.20336032143842
3293844811	-0.41177014571546
3293844812	-0.257174359629167
3293844813	-0.299700178040435
3293844814	0.232892723811528
3293844815	0.0323681176295944
3293844816	4.951
3293844817	5.47082
3293844818	2.94894
3293844819	4.25006
3293844820	6.20922
3293844821	4.98958
3293844822	4.5613
3293844823	5.00186
3293844824	3.7224
3293844825	5.16034
3293844826	3.47445
3293844827	4.97724
3293844828	4.86822
3293844829	4.29789
3293844830	6.18357
3293844831	4.6276
3293844832	3.42329
3293844833	6.01053
3293844834	4.74873
3293844835	5.33307
3293844836	5.1261
3293844837	5.59557
3293844838	5.45904
3293844839	5.54364
3293844840	6.73705
3293844841	5.68603
3293844842	5.80336
3293844843	5.34858
3293844844	4.61854
3293844845	5.72652
3293844846	4.72343
3293844847	6.18622
3293844848	4.59867
3293844849	5.65735
3293844850	5.39719
3293844851	5.17449
3293844852	4.74912
3293844853	4.50233
3293844854	5.26546
3293844855	5.49576
3293844856	4.59621
3293844857	5.29537
3293844858	5.29083
3293844859	3.04834
3293844860	7.31998
3293844861	6.68727
3293844862	4.20931
3293844863	4.76883
3293844864	5.83556
3293844865	6.16058
3293844866	3.42286
3293844867	5.60896
3293844868	4.22291
3293844869	5.66601
3293844870	6.12279
3293844871	6.57985
3293844872	6.39447
3293844873	3.67473
3293844874	3.4682
3293844875	5.18667
3293844876	4.2619
3293844877	4.64833
3293844878	4.65515
3293844879	6.28144
3293844880	5.78934
3293844881	6.59106
3293844882	7.07295
3293844883	5.06332
3293844884	4.79886
3293844885	5.61644
3293844886	5.7216
3293844887	4.31561
3293844888	4.70662
3293844889	7.35568
3293844890	5.76601
3293844891	5.11374
3293844892	3.61639
3293844893	4.18055
3293844894	3.223
3293844895	3.61618
3293844896	4.937
3293844897	4.10472
3293844898	4.721
3293844899	6.10369
3293844900	5.05168
3293844901	4.98955
3293844902	4.06398
3293844903	4.18271
3293844904	4.0435
3293844905	7.7867
3293844906	4.96273
3293844907	4.31207
3293844908	5.74559
3293844909	6.16952
3293844910	7.82879
3293844911	4.7965
3293844912	3.57257
3293844913	5.28795
3293844914	6.21763
3293844915	4.63271
3293844916	4.82676
3293844917	7.11324
3293844918	5.91013
3293844919	4.56056
3293844920	4.56367
3293844921	4.38841
3293844922	2.94648
3293844923	4.67501
3293844924	3.17653
3293844925	4.49427
3293844926	4.09731
3293844927	5.29642
3293844928	6.02359
3293844929	4.63159
3293844930	2.13836
3293844931	2.72119
3293844932	5.95563
3293844933	5.15148
3293844934	4.44147
3293844935	6.47914
3293844936	5.25579
3293844937	6.12421
3293844938	4.36471
3293844939	5.34503
3293844940	4.44489
3293844941	4.68992
3293844942	3.46835
3293844943	4.91714
3293844944	3.63834
3293844945	6.27209
3293844946	3.21359
3293844947	6.26147
3293844948	4.72519
3293844949	4.48882
3293844950	4.73319
3293844951	5.1457
3293844952	5.1019
3293844953	4.65279
3293844954	3.41359
3293844955	4.32844
3293844956	3.25111
3293844957	2.3425
3293844958	3.30409
3293844959	5.34465
3293844960	4.77346
3293844961	5.81474
3293844962	6.4053
3293844963	4.71736
3293844964	6.11315
3293844965	5.41526
3293844966	4.96412
3293844967	4.91151
3293844968	7.10165
3293844969	5.64343
3293844970	4.82789
3293844971	5.10916
3293844972	7.87905
3293844973	3.78523
3293844974	5.65244
3293844975	2.55445
3293844976	5.04238
3293844977	5.81329
3293844978	7.38793
3293844979	3.46764
3293844980	6.54306
3293844981	5.75635
3293844982	6.33014
3293844983	6.61207
3293844984	4.82163
3293844985	5.57304
3293844986	6.36195
3293844987	5.64101
3293844988	6.33187
3293844989	5.47399
3293844990	4.01962
3293844991	4.56838
3293844992	4.72749
3293844993	5.27377
3293844994	5.08371
3293844995	1.75131
3293844996	3.69465
3293844997	4.43829
3293844998	3.95965
3293844999	5.07742
3293845000	3.45061
3293845001	5.53589
3293845002	6.43267
3293845003	5.48725
3293845004	5.41517
3293845005	4.6612
3293845006	5.22094
3293845007	6.40149
3293845008	4.72054
3293845009	5.2999
3293845010	3.6711
3293845011	5.44014
3293845012	5.2341
3293845013	6.73389
3293845014	4.6567
3293845015	5.09275
3293845016	4.46537
3293845017	5.15979
3293845018	5.58085
3293845019	2.46127
3293845020	4.9275
3293845021	5.11836
3293845022	4.48734
3293845023	5.15333
3293845024	5.29854
3293845025	5.11758
3293845026	3.74269
3293845027	4.79416
3293845028	5.2851
3293845029	4.18609
3293845030	4.79175
3293845031	2.42495
3293845032	5.64001
3293845033	5.00417
3293845034	4.6249
3293845035	5.4138
3293845036	3.02277
3293845037	4.8812
3293845038	5.7326
3293845039	4.37061
3293845040	4.92624
3293845041	3.52601
3293845042	4.70413
3293845043	4.96689
3293845044	3.55814
3293845045	5.89997
3293845046	7.05763
3293845047	3.44885
3293845048	3.92826
3293845049	4.85701
3293845050	4.24807
3293845051	4.24609
3293845052	5.55653
3293845053	5.55106
3293845054	5.12987
3293845055	6.32959
3293845056	4.95324
3293845057	3.23383
3293845058	4.75017
3293845059	4.40929
3293845060	5.62543
3293845061	4.01108
3293845062	5.46655
3293845063	5.3983
3293845064	6.19992
3293845065	4.54532
3293845066	4.28077
3293845067	5.32687
3293845068	5.98478
3293845069	5.46766
3293845070	6.54814
3293845071	3.13593
3293845072	4.55132
3293845073	5.43379
3293845074	5.93781
3293845075	5.93189
3293845076	4.44879
3293845077	5.67084
3293845078	5.48723
3293845079	5.63624
3293845080	4.58258
3293845081	3.71235
3293845082	4.7154
3293845083	4.96565
3293845084	6.11669
3293845085	4.34484
3293845086	6.0385
3293845087	4.31028
3293845088	4.939
3293845089	7.46034
3293845090	4.46142
3293845091	5.30248
3293845092	5.75318
3293845093	5.70224
3293845094	6.28926
3293845095	5.41333
3293845096	5.05277
3293845097	4.1392
3293845098	5.26559
3293845099	5.71865
3293845100	3.6729
3293845101	5.0925
3293845102	5.28106
3293845103	4.67874
3293845104	3.90265
3293845105	6.3056
3293845106	4.9083
3293845107	5.96766
3293845108	6.07412
3293845109	4.14237
3293845110	4.28247
3293845111	5.43175
3293845112	5.74403
3293845113	5.00927
3293845114	3.43895
3293845115	4.68034
3293845116	4.88757
3293845117	5.39801
3293845118	3.6916
3293845119	5.14637
3293845120	5.78698
3293845121	4.31572
3293845122	5.98944
3293845123	3.54591
3293845124	4.1049
3293845125	3.0555
3293845126	4.51391
3293845127	3.59927
3293845128	4.279
3293845129	4.10707
3293845130	3.9503
3293845131	6.16776
3293845132	5.45689
3293845133	3.94025
3293845134	4.81678
3293845135	5.05382
3293845136	4.84138
3293845137	4.34533
3293845138	5.68036
3293845139	4.79032
3293845140	3.95545
3293845141	7.07859
3293845142	5.36291
3293845143	6.84818
3293845144	6.01678
3293845145	3.65991
3293845146	4.16796
3293845147	4.57766
3293845148	4.03715
3293845149	4.41599
3293845150	2.96032
3293845151	3.81635
3293845152	6.92425
3293845153	5.07711
3293845154	4.28959
3293845155	3.08026
3293845156	5.26471
3293845157	4.44438
3293845158	6.22258
3293845159	5.31498
3293845160	4.41183
3293845161	3.40829
3293845162	4.94387
3293845163	6.12734
3293845164	4.55358
3293845165	6.21917
3293845166	5.66525
3293845167	5.68162
3293845168	4.92827
3293845169	2.99266
3293845170	4.2231
3293845171	6.51932
3293845172	5.91301
3293845173	4.49272
3293845174	5.27734
3293845175	4.74737
3293845176	4.18205
3293845177	5.87646
3293845178	1.84477
3293845179	6.54449
3293845180	5.5642
3293845181	4.18316
3293845182	4.87284
3293845183	3.39483
3293845184	4.67271
3293845185	4.12094
3293845186	4.41367
3293845187	3.76447
3293845188	4.63283
3293845189	3.19607
3293845190	3.01245
3293845191	5.6409
3293845192	5.80275
3293845193	4.252
3293845194	3.38037
3293845195	4.64022
3293845196	5.29838
3293845197	4.09159
3293845198	6.80478
3293845199	3.2733
3293845200	3.81387
3293845201	4.43583
3293845202	6.52036
3293845203	6.74644
3293845204	4.84141
3293845205	3.10325
3293845206	3.72149
3293845207	4.92167
3293845208	6.49316
3293845209	5.92195
3293845210	4.7811
3293845211	6.63219
3293845212	4.35682
3293845213	4.61237
3293845214	5.258
3293845215	5.52478
3293845216	5.47418
3293845217	5.11777
3293845218	4.89051
3293845219	4.86899
3293845220	4.00825
3293845221	5.24808
3293845222	3.1127
3293845223	5.04461
3293845224	5.8093
3293845225	4.76771
3293845226	4.73088
3293845227	4.35164
3293845228	6.17589
3293845229	6.72146
3293845230	4.77184
3293845231	4.60367
3293845232	5.34597
3293845233	4.31598
3293845234	5.65629
3293845235	5.18173
3293845236	5.35974
3293845237	7.31223
3293845238	4.43049
3293845239	4.42426
3293845240	4.80064
3293845241	5.12775
3293845242	5.37596
3293845243	5.37801
3293845244	6.1909
3293845245	4.48706
3293845246	3.0141
3293845247	4.59282
3293845248	4.27946
3293845249	4.52581
3293845250	3.64786
3293845251	6.30697
3293845252	4.6365
3293845253	5.04291
3293845254	5.18355
3293845255	5.60762
3293845256	3.73191
3293845257	3.78071
3293845258	5.2501
3293845259	7.05471
3293845260	5.59837
3293845261	3.83566
3293845262	5.97002
3293845263	4.28082
3293845264	4.14684
3293845265	5.66728
3293845266	5.6519
3293845267	6.45347
3293845268	5.60203
3293845269	5.68507
3293845270	3.85654
3293845271	5.42684
3293845272	5.80494
3293845273	4.60971
3293845274	4.16839
3293845275	4.92607
3293845276	3.85064
3293845277	3.45202
3293845278	5.9679
3293845279	5.8749
3293845280	4.24615
3293845281	4.65611
3293845282	5.61806
3293845283	2.35188
3293845284	4.33796
3293845285	6.62284
3293845286	3.86858
3293845287	4.07082
3293845288	4.95256
3293845289	3.646
3293845290	4.81046
3293845291	5.19492
3293845292	5.35655
3293845293	3.54323
3293845294	5.6118
3293845295	5.14263
3293845296	5.08258
3293845297	5.86367
3293845298	3.91397
3293845299	6.66031
3293845300	5.10077
3293845301	3.12171
3293845302	4.79853
3293845303	3.8492
3293845304	4.89894
3293845305	4.97327
3293845306	5.30718
3293845307	5.70458
3293845308	5.82265
3293845309	4.37359
3293845310	5.13428
3293845311	6.15347
3293845312	4.99595
3293845313	5.54136
3293845314	4.82684
3293845315	3.77982
3293845316	5.7516
3293845317	4.27105
3293845318	3.82757
3293845319	3.67732
3293845320	4.47042
3293845321	4.19232
3293845322	2.59967
3293845323	5.69611
3293845324	5.17819
3293845325	6.09338
3293845326	5.22245
3293845327	3.88479
3293845328	4.76652
3293845329	3.99773
3293845330	3.99641
3293845331	5.40688
3293845332	4.41516
3293845333	3.80503
3293845334	5.52077
3293845335	6.54309
3293845336	4.66465
3293845337	5.64972
3293845338	3.22444
3293845339	4.6968
3293845340	5.22586
3293845341	2.55362
3293845342	4.82378
3293845343	3.95808
3293845344	4.29627
3293845345	4.52869
3293845346	6.55153
3293845347	5.5885
3293845348	4.2867
3293845349	3.98043
3293845350	4.66493
3293845351	3.59021
3293845352	5.70396
3293845353	4.37912
3293845354	4.64423
3293845355	6.24486
3293845356	5.23164
3293845357	5.74045
3293845358	5.56671
3293845359	4.90494
3293845360	5.29422
3293845361	5.34435
3293845362	3.59669
3293845363	5.42951
3293845364	4.82374
3293845365	6.08593
3293845366	6.28036
3293845367	5.46421
3293845368	5.15415
3293845369	3.20643
3293845370	4.67002
3293845371	5.69164
3293845372	5.94181
3293845373	4.11909
3293845374	3.94777
3293845375	6.19978
3293845376	6.3688
3293845377	4.46715
3293845378	3.61383
3293845379	4.62462
3293845380	5.15914
3293845381	3.89678
3293845382	6.41316
3293845383	4.65471
3293845384	5.87037
3293845385	6.19769
3293845386	3.53224
3293845387	4.24097
3293845388	5.07301
3293845389	5.07669
3293845390	6.03975
3293845391	5.83601
3293845392	5.24065
3293845393	4.18318
3293845394	5.18487
3293845395	6.18716
3293845396	4.42407
3293845397	4.96371
3293845398	5.17685
3293845399	5.98904
3293845400	3.83036
3293845401	5.67097
3293845402	4.9442
3293845403	5.01081
3293845404	5.60141
3293845405	4.41774
3293845406	4.16039
3293845407	6.16555
3293845408	2.98493
3293845409	5.0276
3293845410	3.88493
3293845411	3.17515
3293845412	4.60096
3293845413	3.88019
3293845414	4.84256
3293845415	6.11248
3293845416	2.70906
3293845417	6.1772
3293845418	5.14055
3293845419	4.18776
3293845420	2.8584
3293845421	4.63233
3293845422	4.03101
3293845423	5.12269
3293845424	4.76235
3293845425	3.85587
3293845426	6.71609
3293845427	4.9087
3293845428	4.75157
3293845429	3.86881
3293845430	5.73738
3293845431	5.76859
3293845432	5.25285
3293845433	5.45498
3293845434	3.24217
3293845435	4.66058
3293845436	4.60164
3293845437	4.35121
3293845438	5.93461
3293845439	4.88525
3293845440	4.08911
3293845441	3.50763
3293845442	5.27817
3293845443	4.293
3293845444	5.4427
3293845445	5.84634
3293845446	5.42868
3293845447	3.49609
3293845448	3.90515
3293845449	6.10905
3293845450	5.1275
3293845451	6.14223
3293845452	5.67465
3293845453	5.83429
3293845454	5.6891
3293845455	4.53368
3293845456	3.62804
3293845457	4.19651
3293845458	4.88632
3293845459	5.96011
3293845460	5.02507
3293845461	5.3614
3293845462	4.11048
3293845463	4.74061
3293845464	4.9208
3293845465	6.21226
3293845466	5.09104
3293845467	5.23699
3293845468	5.79358
3293845469	5.463
3293845470	4.00025
3293845471	5.49553
3293845472	6.62987
3293845473	4.69548
3293845474	6.14143
3293845475	5.76552
3293845476	3.95449
3293845477	3.99622
3293845478	4.96612
3293845479	5.6058
3293845480	4.76801
3293845481	3.83036
3293845482	4.98536
3293845483	5.15733
3293845484	3.14644
3293845485	3.94763
3293845486	3.213
3293845487	3.88256
3293845488	4.34329
3293845489	5.41344
3293845490	6.17152
3293845491	3.94917
3293845492	4.17052
3293845493	5.34879
3293845494	5.35421
3293845495	3.10124
3293845496	5.55988
3293845497	4.70286
3293845498	3.97229
3293845499	5.14866
3293845500	4.92259
3293845501	5.49928
3293845502	5.06764
3293845503	5.99041
3293845504	5.43633
3293845505	3.45259
3293845506	5.56825
3293845507	5.91534
3293845508	6.43057
3293845509	4.73785
3293845510	3.96043
3293845511	4.45562
3293845512	5.4113
3293845513	4.7034
3293845514	5.13899
3293845515	6.28648
3293845516	3.64197
3293845517	5.28467
3293845518	6.23592
3293845519	4.04797
3293845520	4.87357
3293845521	6.11582
3293845522	4.77144
3293845523	5.47549
3293845524	4.89236
3293845525	5.66242
3293845526	4.29469
3293845527	5.42162
3293845528	5.85142
3293845529	5.38744
3293845530	5.0431
3293845531	4.05265
3293845532	4.61097
3293845533	3.5694
3293845534	3.62736
3293845535	2.93045
3293845536	6.00662
3293845537	6.45123
3293845538	4.29415
3293845539	4.47086
3293845540	5.29844
3293845541	5.13312
3293845542	5.87595
3293845543	4.58768
3293845544	2.49652
3293845545	4.70919
3293845546	5.45068
3293845547	6.11763
3293845548	4.69027
3293845549	5.45881
3293845550	4.0247
3293845551	4.95569
3293845552	4.28035
3293845553	5.61009
3293845554	6.08349
3293845555	4.10937
3293845556	3.38953
3293845557	5.10703
3293845558	3.26305
3293845559	4.44042
3293845560	5.10947
3293845561	4.53838
3293845562	3.23466
3293845563	3.80159
3293845564	5.85045
3293845565	3.62791
3293845566	4.89935
3293845567	3.59051
3293845568	5.39845
3293845569	3.97104
3293845570	5.89762
3293845571	4.80344
3293845572	3.69162
3293845573	5.57836
3293845574	4.70433
3293845575	4.46743
3293845576	5.56976
3293845577	5.26358
3293845578	5.16125
3293845579	6.16387
3293845580	2.899
3293845581	6.22363
3293845582	5.06077
3293845583	3.81707
3293845584	5.51674
3293845585	4.85352
3293845586	5.46879
3293845587	4.13706
3293845588	5.85896
3293845589	4.86753
3293845590	4.40717
3293845591	5.1208
3293845592	4.49724
3293845593	4.51398
3293845594	6.33134
3293845595	7.5938
3293845596	6.06295
3293845597	4.8975
3293845598	6.33386
3293845599	6.12842
3293845600	7.76022
3293845601	7.1694
3293845602	3.12339
3293845603	5.66962
3293845604	5.73954
3293845605	4.36688
3293845606	5.2547
3293845607	6.4175
3293845608	5.43873
3293845609	3.51304
3293845610	5.98364
3293845611	2.71372
3293845612	4.77082
3293845613	5.25022
3293845614	3.77007
3293845615	3.51685
3293845616	4.70522
3293845617	5.743
3293845618	3.93679
3293845619	4.55523
3293845620	3.89596
3293845621	4.60075
3293845622	5.87904
3293845623	5.12932
3293845624	6.2364
3293845625	4.69608
3293845626	4.74829
3293845627	4.80808
3293845628	7.13227
3293845629	6.42564
3293845630	3.52482
3293845631	8.58882
3293845632	5.93487
3293845633	6.09806
3293845634	4.28988
3293845635	4.58347
3293845636	6.46442
3293845637	4.99733
3293845638	4.78731
3293845639	3.17091
3293845640	5.59012
3293845641	6.48806
3293845642	5.81784
3293845643	5.25866
3293845644	5.94188
3293845645	4.04754
3293845646	5.70486
3293845647	4.96726
3293845648	3.2039
3293845649	4.90342
3293845650	3.90293
3293845651	3.8944
3293845652	7.6367
3293845653	4.11789
3293845654	3.66144
3293845655	3.922
3293845656	4.69435
3293845657	4.89835
3293845658	4.88149
3293845659	4.29503
3293845660	4.87868
3293845661	5.01354
3293845662	4.13583
3293845663	4.95678
3293845664	5.08567
3293845665	5.94544
3293845666	3.63529
3293845667	4.64378
3293845668	5.48138
3293845669	5.23057
3293845670	5.28186
3293845671	5.40852
3293845672	6.91094
3293845673	4.43615
3293845674	4.28783
3293845675	3.25157
3293845676	4.90544
3293845677	4.05458
3293845678	4.61422
3293845679	4.86619
3293845680	6.53919
3293845681	4.65185
3293845682	6.42838
3293845683	6.91448
3293845684	2.65996
3293845685	4.85864
3293845686	1.84311
3293845687	5.2337
3293845688	4.76577
3293845689	5.43651
3293845690	2.76808
3293845691	7.27778
3293845692	5.75893
3293845693	4.77051
3293845694	5.56947
3293845695	4.76626
3293845696	4.31732
3293845697	4.21919
3293845698	4.52433
3293845699	5.44607
3293845700	3.56368
3293845701	3.46268
3293845702	2.24774
3293845703	6.22911
3293845704	4.69855
3293845705	3.49484
3293845706	4.26266
3293845707	5.45612
3293845708	3.77874
3293845709	3.83341
3293845710	3.30825
3293845711	4.78797
3293845712	5.32673
3293845713	5.32603
3293845714	5.6793
3293845715	4.55446
3293845716	4.7018
3293845717	5.56791
3293845718	6.22228
3293845719	6.24372
3293845720	5.37734
3293845721	4.71846
3293845722	4.59038
3293845723	5.45827
3293845724	5.61426
3293845725	6.01342
3293845726	5.15615
3293845727	4.8454
3293845728	3.89177
3293845729	4.92691
3293845730	5.62684
3293845731	5.99751
3293845732	4.60547
3293845733	7.80664
3293845734	4.69928
3293845735	5.19364
3293845736	4.75775
3293845737	5.97786
3293845738	5.47979
3293845739	3.42456
3293845740	4.6586
3293845741	4.57295
3293845742	4.85204
3293845743	2.99419
3293845744	5.11464
3293845745	2.92733
3293845746	3.56286
3293845747	3.604
3293845748	5.03051
3293845749	7.11942
3293845750	4.63067
3293845751	4.90649
3293845752	4.96745
3293845753	5.35831
3293845754	3.25039
3293845755	3.78809
3293845756	6.19041
3293845757	4.58374
3293845758	6.06276
3293845759	5.6835
3293845760	5.21394
3293845761	3.90868
3293845762	5.52954
3293845763	4.78029
3293845764	5.33348
3293845765	7.06504
3293845766	4.16538
3293845767	5.57063
3293845768	3.64637
3293845769	4.08825
3293845770	4.7599
3293845771	6.1493
3293845772	4.15334
3293845773	4.99351
3293845774	6.21767
3293845775	5.37817
3293845776	3.2928
3293845777	4.75648
3293845778	4.51032
3293845779	4.05656
3293845780	5.67638
3293845781	4.85627
3293845782	5.45903
3293845783	4.99986
3293845784	5.49859
3293845785	6.08104
3293845786	5.4021
3293845787	5.28178
3293845788	4.19859
3293845789	5.56058
3293845790	8.12505
3293845791	2.28303
3293845792	3.71521
3293845793	6.10025
3293845794	4.60549
3293845795	6.23917
3293845796	4.67329
3293845797	5.46266
3293845798	6.51159
3293845799	5.60926
3293845800	5.34033
3293845801	5.70973
3293845802	2.44658
3293845803	5.03355
3293845804	4.16656
3293845805	4.37652
3293845806	3.12399
3293845807	4.4016
3293845808	5.36855
3293845809	5.69144
3293845810	5.26126
3293845811	5.68563
3293845812	5.65969
3293845813	4.9871
3293845814	3.06371
3293845815	6.74721
3293845816	4.43516
3293845817	4.83277
3293845818	5.36647
3293845819	4.67552
3293845820	6.64686
3293845821	4.00883
3293845822	5.13301
3293845823	5.27003
3293845824	3.72884
3293845825	5.85348
3293845826	7.43008
3293845827	3.61868
3293845828	4.82389
3293845829	3.65404
3293845830	4.81203
3293845831	5.7552
3293845832	3.95013
3293845833	3.89736
3293845834	3.45511
3293845835	4.87824
3293845836	4.63864
3293845837	5.01825
3293845838	4.88782
3293845839	5.50689
3293845840	3.74932
3293845841	5.30775
3293845842	5.64279
3293845843	6.23098
3293845844	5.69988
3293845845	3.64424
3293845846	4.30425
3293845847	6.57048
3293845848	5.96033
3293845849	2.91638
3293845850	5.9158
3293845851	6.42538
3293845852	4.05955
3293845853	3.88717
3293845854	6.08813
3293845855	4.78723
3293845856	5.84798
3293845857	6.69085
3293845858	3.65929
3293845859	5.18575
3293845860	3.3061
3293845861	4.84781
3293845862	4.69029
3293845863	2.95213
3293845864	4.64185
3293845865	5.21758
3293845866	5.13162
3293845867	5.16141
3293845868	5.94433
3293845869	3.06061
3293845870	5.79302
3293845871	5.22006
3293845872	5.68653
3293845873	5.85025
3293845874	5.04351
3293845875	5.01046
3293845876	6.44713
3293845877	6.70107
3293845878	4.23906
3293845879	6.19699
3293845880	5.49806
3293845881	3.80418
3293845882	4.78869
3293845883	3.57415
3293845884	5.9369
3293845885	5.67186
3293845886	2.6146
3293845887	5.01619
3293845888	5.32919
3293845889	5.5917
3293845890	4.49081
3293845891	5.84039
3293845892	4.39601
3293845893	2.20574
3293845894	5.92441
3293845895	6.51142
3293845896	3.63769
3293845897	6.32495
3293845898	6.94484
3293845899	5.51588
3293845900	6.10282
3293845901	6.17801
3293845902	5.72664
3293845903	5.45961
3293845904	5.11453
3293845905	4.03769
3293845906	6.55874
3293845907	5.65254
3293845908	5.26039
3293845909	5.69081
3293845910	6.45366
3293845911	6.55334
3293845912	4.88013
3293845913	5.98267
3293845914	3.98501
3293845915	5.61229
3293845916	4.22895
3293845917	5.19516
3293845918	7.11016
3293845919	5.50604
3293845920	4.59812
3293845921	4.00377
3293845922	5.5044
3293845923	2.44141
3293845924	7.71416
3293845925	4.94205
3293845926	4.76784
3293845927	5.2395
3293845928	5.26549
3293845929	6.39977
3293845930	5.25694
3293845931	6.18669
3293845932	5.34755
3293845933	5.42508
3293845934	5.37485
3293845935	6.78092
3293845936	5.00002
3293845937	6.97244
3293845938	5.5227
3293845939	5.1502
3293845940	4.35789
3293845941	4.85239
3293845942	5.45396
3293845943	4.05181
3293845944	4.80876
3293845945	4.62802
3293845946	6.80422
3293845947	2.58378
3293845948	3.2761
3293845949	6.21334
3293845950	6.59358
3293845951	5.37487
3293845952	5.99792
3293845953	3.63511
3293845954	4.81845
3293845955	4.50383
3293845956	3.92557
3293845957	4.61004
3293845958	4.16552
3293845959	3.13351
3293845960	3.75131
3293845961	3.70092
3293845962	4.77708
3293845963	5.20395
3293845964	4.92364
3293845965	3.35952
3293845966	4.60419
3293845967	4.46073
3293845968	5.91712
3293845969	5.88077
3293845970	4.98861
3293845971	5.48316
3293845972	3.06545
3293845973	5.85522
3293845974	4.47442
3293845975	3.73252
3293845976	3.98158
3293845977	5.50651
3293845978	6.57123
3293845979	3.24452
3293845980	3.78022
3293845981	5.48553
3293845982	5.72291
3293845983	6.7725
3293845984	4.8393
3293845985	4.07507
3293845986	4.15172
3293845987	5.17122
3293845988	7.28525
3293845989	5.31135
3293845990	4.61254
3293845991	3.27916
3293845992	6.12058
3293845993	5.11698
3293845994	5.45012
3293845995	5.12234
3293845996	5.11953
3293845997	3.97099
3293845998	4.23678
3293845999	4.50717
3293846000	5.60255
3293846001	3.88294
3293846002	4.1088
3293846003	3.40286
3293846004	5.14497
3293846005	6.20456
3293846006	4.72321
3293846007	4.94075
3293846008	4.79425
3293846009	5.46404
3293846010	3.37598
3293846011	6.32838
3293846012	6.034
3293846013	5.82548
3293846014	4.43133
3293846015	2.91006
3293846016	5.97447
3293846017	4.00729
3293846018	6.29937
3293846019	3.51781
3293846020	3.80895
3293846021	5.09771
3293846022	4.01485
3293846023	4.50406
3293846024	6.35064
3293846025	5.77652
3293846026	5.59051
3293846027	4.14708
3293846028	5.24007
3293846029	4.74034
3293846030	4.5631
3293846031	5.14031
3293846032	5.30444
3293846033	4.98272
3293846034	4.24294
3293846035	4.9308
3293846036	4.8733
3293846037	5.5795
3293846038	6.50034
3293846039	5.69263
3293846040	6.06905
3293846041	5.28735
3293846042	4.82548
3293846043	4.95014
3293846044	4.45979
3293846045	5.13725
3293846046	6.57343
3293846047	3.64319
3293846048	5.12977
3293846049	5.25837
3293846050	3.72749
3293846051	3.10878
3293846052	5.38202
3293846053	3.81236
3293846054	3.88279
3293846055	4.27745
3293846056	5.52854
3293846057	6.84164
3293846058	4.65349
3293846059	5.81555
3293846060	4.48897
3293846061	5.71003
3293846062	5.53416
3293846063	4.79909
3293846064	4.75318
3293846065	5.01252
3293846066	4.58486
3293846067	6.53582
3293846068	5.08925
3293846069	5.14286
3293846070	5.51878
3293846071	4.80655
3293846072	6.65468
3293846073	5.66989
3293846074	4.22591
3293846075	6.01123
3293846076	5.67015
3293846077	4.55824
3293846078	6.11618
3293846079	5.0481
3293846080	4.31099
3293846081	4.47321
3293846082	5.57146
3293846083	4.8147
3293846084	3.95607
3293846085	5.35279
3293846086	5.52633
3293846087	6.59164
3293846088	3.421
3293846089	4.66866
3293846090	6.31001
3293846091	4.67784
3293846092	5.12154
3293846093	5.47152
3293846094	3.92656
3293846095	3.96851
3293846096	5.83559
3293846097	4.59928
3293846098	4.72692
3293846099	4.63677
3293846100	3.69901
3293846101	6.81835
3293846102	5.77878
3293846103	5.29877
3293846104	3.94676
3293846105	4.30381
3293846106	5.40628
3293846107	5.16766
3293846108	5.11492
3293846109	3.45604
3293846110	4.33445
3293846111	6.42002
3293846112	5.60544
3293846113	5.04656
3293846114	3.80959
3293846115	5.87162
3293846116	4.8387
3293846117	5.22495
3293846118	5.45516
3293846119	4.91731
3293846120	4.16857
3293846121	4.13914
3293846122	4.48521
3293846123	5.26429
3293846124	4.91009
3293846125	5.47575
3293846126	5.00092
3293846127	4.2179
3293846128	4.2706
3293846129	4.64904
3293846130	6.06477
3293846131	3.55139
3293846132	3.83339
3293846133	5.50676
3293846134	4.98481
3293846135	5.9315
3293846136	5.12542
3293846137	6.74038
3293846138	5.20022
3293846139	5.59235
3293846140	5.04383
3293846141	3.5145
3293846142	5.2584
3293846143	5.31699
3293846144	5.81325
3293846145	5.60382
3293846146	3.94622
3293846147	5.43188
3293846148	6.23867
3293846149	5.44769
3293846150	4.25589
3293846151	5.88314
3293846152	4.28898
3293846153	4.77693
3293846154	3.65778
3293846155	7.03084
3293846156	5.69418
3293846157	4.8457
3293846158	5.58696
3293846159	5.92493
3293846160	4.48677
3293846161	4.40916
3293846162	3.7288
3293846163	5.32574
3293846164	6.48808
3293846165	4.57977
3293846166	5.35077
3293846167	6.37228
3293846168	5.53166
3293846169	5.14903
3293846170	3.80819
3293846171	5.85496
3293846172	3.8775
3293846173	4.73367
3293846174	6.44435
3293846175	4.87981
3293846176	6.12668
3293846177	4.70634
3293846178	6.84393
3293846179	6.15295
3293846180	4.63664
3293846181	4.76388
3293846182	4.57926
3293846183	6.65068
3293846184	4.0703
3293846185	3.80483
3293846186	4.94125
3293846187	4.38342
3293846188	4.88855
3293846189	4.67338
3293846190	5.29428
3293846191	5.43573
3293846192	4.27107
3293846193	3.3367
3293846194	4.55352
3293846195	4.64397
3293846196	4.60682
3293846197	4.71428
3293846198	4.33633
3293846199	5.33113
3293846200	6.15221
3293846201	3.99396
3293846202	5.13191
3293846203	6.28115
3293846204	6.10514
3293846205	3.96178
3293846206	5.58383
3293846207	4.55766
3293846208	4.37217
3293846209	6.30608
3293846210	4.44789
3293846211	4.10908
3293846212	4.99287
3293846213	4.93666
3293846214	5.37429
3293846215	5.39855
3293846216	4.31597
3293846217	5.60953
3293846218	6.28392
3293846219	4.34541
3293846220	5.18987
3293846221	6.42939
3293846222	4.53245
3293846223	6.18573
3293846224	4.71564
3293846225	3.00953
3293846226	5.89285
3293846227	3.83808
3293846228	5.1759
3293846229	6.4239
3293846230	6.24968
3293846231	5.63779
3293846232	4.54612
3293846233	3.04748
3293846234	3.55582
3293846235	4.50823
3293846236	4.62347
3293846237	3.3111
3293846238	3.74448
3293846239	6.6039
3293846240	4.85497
3293846241	5.91684
3293846242	6.04591
3293846243	5.1518
3293846244	5.05049
3293846245	5.44899
3293846246	4.70418
3293846247	5.94146
3293846248	4.46758
3293846249	2.08116
3293846250	4.99263
3293846251	6.20247
3293846252	5.26899
3293846253	8.11265
3293846254	5.06174
3293846255	3.98825
3293846256	5.44389
3293846257	3.97426
3293846258	5.4953
3293846259	5.35155
3293846260	5.21501
3293846261	3.98926
3293846262	6.44487
3293846263	4.42876
3293846264	7.13354
3293846265	5.22436
3293846266	5.58675
3293846267	3.93999
3293846268	3.87771
3293846269	3.04846
3293846270	6.48982
3293846271	6.26035
3293846272	5.08259
3293846273	5.52235
3293846274	3.72719
3293846275	3.40721
3293846276	5.57304
3293846277	4.91698
3293846278	4.5581
3293846279	5.71935
3293846280	6.49409
3293846281	4.02954
3293846282	7.50345
3293846283	3.98213
3293846284	3.92515
3293846285	5.37643
3293846286	5.30598
3293846287	5.56795
3293846288	5.7421
3293846289	4.30815
3293846290	5.55883
3293846291	3.71004
3293846292	6.21626
3293846293	6.07179
3293846294	5.50175
3293846295	5.21278
3293846296	5.94125
3293846297	3.8681
3293846298	6.57098
3293846299	5.44942
3293846300	4.87758
3293846301	3.99812
3293846302	4.76156
3293846303	5.863
3293846304	4.25147
3293846305	4.06188
3293846306	4.9512
3293846307	4.4818
3293846308	4.92219
3293846309	3.58736
3293846310	5.67354
3293846311	4.52148
3293846312	4.50645
3293846313	5.23643
3293846314	5.35365
3293846315	3.71466
3293846316	3.70118
3293846317	3.42419
3293846318	4.29527
3293846319	6.3062
3293846320	5.5855
3293846321	6.6002
3293846322	5.5767
3293846323	5.70102
3293846324	6.44697
3293846325	5.01029
3293846326	6.75129
3293846327	4.55666
3293846328	5.58272
3293846329	4.77984
3293846330	5.99372
3293846331	4.49538
3293846332	4.73395
3293846333	4.8356
3293846334	5.04039
3293846335	5.84067
3293846336	5.4057
3293846337	5.65649
3293846338	4.40903
3293846339	4.95849
3293846340	5.75429
3293846341	4.1539
3293846342	5.26943
3293846343	5.4881
3293846344	5.46817
3293846345	4.94224
3293846346	5.59129
3293846347	5.37514
3293846348	5.3302
3293846349	5.69925
3293846350	4.81315
3293846351	5.14413
3293846352	5.37516
3293846353	3.8919
3293846354	4.7465
3293846355	5.0348
3293846356	4.67193
3293846357	3.24961
3293846358	4.84514
3293846359	4.09743
3293846360	4.94276
3293846361	5.30729
3293846362	6.62579
3293846363	5.2375
3293846364	5.14365
3293846365	4.5325
3293846366	6.33779
3293846367	4.45055
3293846368	4.46112
3293846369	6.31565
3293846370	4.15545
3293846371	5.51957
3293846372	3.32259
3293846373	5.31193
3293846374	4.27253
3293846375	4.21387
3293846376	3.09735
3293846377	5.14126
3293846378	5.55806
3293846379	6.94352
3293846380	4.99341
3293846381	4.77205
3293846382	4.00603
3293846383	5.04455
3293846384	4.68834
3293846385	5.55196
3293846386	3.4775
3293846387	5.53717
3293846388	4.83782
3293846389	5.26363
3293846390	2.79803
3293846391	6.10035
3293846392	5.58737
3293846393	3.84246
3293846394	4.49471
3293846395	5.08531
3293846396	5.2932
3293846397	5.16257
3293846398	5.67279
3293846399	5.95918
3293846400	8.00832
3293846401	5.90842
3293846402	4.62936
3293846403	4.86355
3293846404	5.88197
3293846405	4.55747
3293846406	6.29571
3293846407	5.51309
3293846408	5.41639
3293846409	4.27416
3293846410	5.18227
3293846411	4.72343
3293846412	4.48936
3293846413	3.58349
3293846414	6.23868
3293846415	3.89261
3293846416	3.68732
3293846417	4.27461
3293846418	4.28212
3293846419	4.1388
3293846420	6.06483
3293846421	4.94062
3293846422	3.43154
3293846423	5.46896
3293846424	4.07251
3293846425	4.75553
3293846426	2.74628
3293846427	5.92698
3293846428	5.62974
3293846429	5.60764
3293846430	2.78931
3293846431	5.79978
3293846432	5.52128
3293846433	4.48921
3293846434	5.46264
3293846435	4.82759
3293846436	4.68432
3293846437	5.47854
3293846438	5.61136
3293846439	5.33223
3293846440	6.12178
3293846441	5.54978
3293846442	5.74167
3293846443	5.65493
3293846444	3.81987
3293846445	5.3256
3293846446	4.59233
3293846447	4.75563
3293846448	3.76459
3293846449	4.9124
3293846450	4.78647
3293846451	5.266
3293846452	4.79716
3293846453	3.51313
3293846454	4.77173
3293846455	4.76847
3293846456	4.46523
3293846457	5.16705
3293846458	3.25578
3293846459	4.56954
3293846460	5.76885
3293846461	3.09006
3293846462	5.0656
3293846463	5.18626
3293846464	5.18255
3293846465	5.02202
3293846466	4.03095
3293846467	5.01036
3293846468	3.53986
3293846469	4.43557
3293846470	4.37959
3293846471	6.03873
3293846472	3.58297
3293846473	4.97774
3293846474	6.72386
3293846475	6.11121
3293846476	5.31306
3293846477	6.52153
3293846478	5.43066
3293846479	5.66668
3293846480	5.2714
3293846481	5.43417
3293846482	5.21063
3293846483	3.69699
3293846484	3.71624
3293846485	4.23584
3293846486	4.31612
3293846487	6.42078
3293846488	5.89452
3293846489	3.71944
3293846490	4.54983
3293846491	5.05869
3293846492	4.1497
3293846493	4.26176
3293846494	5.27969
3293846495	4.95348
3293846496	5.43857
3293846497	5.06265
3293846498	3.20119
3293846499	4.01493
3293846500	5.09507
3293846501	4.64286
3293846502	4.72186
3293846503	5.44344
3293846504	3.80585
3293846505	5.88341
3293846506	5.86362
3293846507	5.32609
3293846508	5.04983
3293846509	4.75707
3293846510	5.0341
3293846511	4.0124
3293846512	5.05683
3293846513	5.52802
3293846514	4.79741
3293846515	4.34421
3293846516	4.86379
3293846517	4.87294
3293846518	4.40504
3293846519	4.08767
3293846520	4.42779
3293846521	5.38667
3293846522	4.62368
3293846523	3.91698
3293846524	6.83271
3293846525	6.54826
3293846526	2.37373
3293846527	6.69256
3293846528	6.16906
3293846529	3.37714
3293846530	4.87981
3293846531	4.37642
3293846532	5.13937
3293846533	6.56099
3293846534	4.07344
3293846535	5.96467
3293846536	3.64198
3293846537	6.45639
3293846538	3.6967
3293846539	6.09108
3293846540	5.12632
3293846541	7.14725
3293846542	5.34145
3293846543	3.51301
3293846544	3.60355
3293846545	3.70134
3293846546	4.06886
3293846547	4.77718
3293846548	4.31711
3293846549	4.84713
3293846550	4.39055
3293846551	2.55277
3293846552	4.08776
3293846553	4.44662
3293846554	4.2582
3293846555	5.08774
3293846556	3.99274
3293846557	4.41072
3293846558	3.03368
3293846559	5.62151
3293846560	3.32744
3293846561	5.77582
3293846562	3.381
3293846563	4.8378
3293846564	6.53069
3293846565	6.78452
3293846566	5.36873
3293846567	6.23577
3293846568	4.63712
3293846569	2.90578
3293846570	4.875
3293846571	5.9787
3293846572	4.95258
3293846573	5.39098
3293846574	5.07415
3293846575	2.77572
3293846576	5.35306
3293846577	5.09689
3293846578	5.76282
3293846579	5.79753
3293846580	4.99244
3293846581	5.65691
3293846582	5.15372
3293846583	4.62364
3293846584	5.5035
3293846585	5.13067
3293846586	8.10752
3293846587	4.51242
3293846588	6.11324
3293846589	5.4592
3293846590	4.74523
3293846591	5.50838
3293846592	7.57163
3293846593	6.31919
3293846594	7.41449
3293846595	4.1691
3293846596	5.88268
3293846597	6.94869
3293846598	5.54913
3293846599	6.04645
3293846600	5.61003
3293846601	5.19729
3293846602	3.96975
3293846603	4.56542
3293846604	6.59411
3293846605	4.39688
3293846606	5.15856
3293846607	4.62509
3293846608	4.47628
3293846609	7.3393
3293846610	6.13976
3293846611	4.5098
3293846612	5.95205
3293846613	3.77261
3293846614	5.63731
3293846615	3.93526
3293846616	5.26969
3293846617	4.58942
3293846618	4.44264
3293846619	4.69623
3293846620	2.92531
3293846621	7.09417
3293846622	5.90705
3293846623	2.97391
3293846624	4.92616
3293846625	4.87312
3293846626	4.31412
3293846627	6.10829
3293846628	4.73894
3293846629	5.48372
3293846630	4.53087
3293846631	5.71399
3293846632	5.3854
3293846633	4.62741
3293846634	6.51949
3293846635	5.64493
3293846636	6.44411
3293846637	5.13603
3293846638	4.70257
3293846639	5.23652
3293846640	3.41714
3293846641	5.54402
3293846642	5.17032
3293846643	3.22026
3293846644	4.0813
3293846645	4.5322
3293846646	3.27629
3293846647	3.21235
3293846648	4.30505
3293846649	3.90465
3293846650	6.01052
3293846651	6.18
3293846652	3.25553
3293846653	4.18904
3293846654	4.46128
3293846655	5.96791
3293846656	4.98083
3293846657	3.97958
3293846658	4.94801
3293846659	3.63105
3293846660	5.8022
3293846661	5.43852
3293846662	5.5195
3293846663	4.56912
3293846664	5.16126
3293846665	6.34174
3293846666	3.51794
3293846667	4.78325
3293846668	4.29303
3293846669	3.65947
3293846670	6.17777
3293846671	4.72365
3293846672	6.41049
3293846673	5.88272
3293846674	5.71632
3293846675	4.32911
3293846676	4.09474
3293846677	5.07382
3293846678	5.49312
3293846679	4.43768
3293846680	4.34932
3293846681	7.66698
3293846682	4.49839
3293846683	4.16518
3293846684	4.84376
3293846685	5.0977
3293846686	4.12781
3293846687	5.36516
3293846688	5.41327
3293846689	5.26264
3293846690	5.46621
3293846691	4.37801
3293846692	4.67068
3293846693	3.48141
3293846694	3.43449
3293846695	2.83852
3293846696	4.35864
3293846697	6.10015
3293846698	4.46569
3293846699	4.81303
3293846700	5.96278
3293846701	5.18522
3293846702	4.58726
3293846703	4.88345
3293846704	4.49935
3293846705	6.1472
3293846706	5.37624
3293846707	5.36521
3293846708	5.50414
3293846709	3.65835
3293846710	5.48395
3293846711	4.95174
3293846712	3.99355
3293846713	6.53186
3293846714	5.50803
3293846715	6.64497
3293846716	6.36691
3293846717	6.25441
3293846718	4.60334
3293846719	4.41149
3293846720	4.94578
3293846721	4.1784
3293846722	2.9713
3293846723	6.73124
3293846724	4.50649
3293846725	6.20909
3293846726	5.27681
3293846727	3.96618
3293846728	5.05304
3293846729	6.71809
3293846730	6.73258
3293846731	5.08202
3293846732	5.01271
3293846733	3.14648
3293846734	3.64144
3293846735	5.50481
3293846736	4.87528
3293846737	5.39065
3293846738	5.60006
3293846739	5.87275
3293846740	5.55273
3293846741	4.11013
3293846742	5.55654
3293846743	4.23201
3293846744	5.09192
3293846745	5.00784
3293846746	6.73136
3293846747	4.90559
3293846748	4.25086
3293846749	3.55213
3293846750	5.65189
3293846751	6.21384
3293846752	5.43386
3293846753	5.45915
3293846754	4.45589
3293846755	3.48318
3293846756	5.98135
3293846757	4.91474
3293846758	3.80769
3293846759	3.85794
3293846760	3.64049
3293846761	5.03006
3293846762	4.95827
3293846763	3.38362
3293846764	6.04158
3293846765	5.72151
3293846766	5.70125
3293846767	4.8211
3293846768	4.8652
3293846769	5.63318
3293846770	4.07371
3293846771	5.62589
3293846772	5.892
3293846773	4.94342
3293846774	4.06089
3293846775	3.70135
3293846776	5.00584
3293846777	4.13832
3293846778	6.61675
3293846779	3.74424
3293846780	5.53009
3293846781	4.38721
3293846782	5.54318
3293846783	4.84217
3293846784	4.37461
3293846785	4.35021
3293846786	3.97841
3293846787	3.46871
3293846788	6.4508
3293846789	5.89592
3293846790	5.16725
3293846791	4.74456
3293846792	4.70368
3293846793	3.51303
3293846794	3.11772
3293846795	5.03748
3293846796	5.31648
3293846797	4.09303
3293846798	5.10628
3293846799	4.77415
3293846800	5.0242
3293846801	5.99941
3293846802	5.94284
3293846803	4.54026